25846869
25854331
25892978
25943744
26103030
26182947
26273799
26729330
27016262
27087457
27107751
27112688
27160412
27463686
27713895
27927175
28093823
28347292
28380067
28490349
28597907
28607746
28661195
28795383
28861491
28882919
28885372
29111839
29119763
29226778
29376996
29455894
29485319
29523293
29707422
29847469
29866196
29959105
30024203
30081859
30143019
30420919
30522497
30619494
30909602
31120284
31142227
31400515
31403958
31521917
31615796
31665039
31882017
31895185
31959224
32014809
32120028
32428843
32455178
32581890
32657695
32744186
32943079
33215831
33305625
33420236
33618120
33652128
33769837
33776815
33890515
34082792
34177382
34238526
34347626
34433359
34466472
34471544
34522632
34573231
34653376
34675730
34723448
34743790
34777854
34821570
34996695
35156551
35316705
35576728
35708140
35812088
35841104
35940019
35994896
36484722
36518350
36535606
36603295
36776745
36788480
36934456
37194432
37223302
37399671
37429996
37434109
37648266
37744305
37746880
37839367
38007963
38057548
38167585
38428060
38482512
38635797
38768010
38842713
38971115
38988104
39018656
39067188
39096481
39114536
39122092
39126937
39168946
39208520
