25943744
26003229
26289372
26498518
26729330
27016262
27409075
27713895
27803640
27927175
28380067
28490349
28597907
28607746
28661195
28795383
28885372
29111839
29159465
29226778
29376996
29455894
29485319
29523293
29866196
29959105
30522497
30619494
30649037
31017025
31274046
31400515
31403958
31521917
31615796
31665039
31882017
31922491
31959224
32014809
32428843
32455178
32581540
32581890
32744186
32943079
33305625
33618120
33652128
33769837
34082792
34177382
34238526
34270772
34347626
34433359
34471544
34522632
34653376
34675730
34723448
35316705
35841104
35940019
36252591
36484722
36518350
36535606
36603295
37253664
37399671
37434109
37722787
37744305
37776826
37839367
38077844
38167585
38351950
38519434
38613859
38619154
38630073
38768010
38842713
38909526
38971115
39018656
39067188
39128162
39168946
